max_gsl_length_m=958895.7375916040
max_isl_length_m=5016591.2330984278
