max_gsl_length_m=1098371.4812412919
max_isl_length_m=5442958.2030362869
