max_gsl_length_m=1579059.6842633185
max_isl_length_m=7197482.1847643359
